=================================================================================================
No  ANO    DIA    MES    R.GLOBA  INSO-PRECIPIUMIDADE  VENTO VENTO  TEMPER TEMPER TEMPER EVAPO-
                               2  LACAO TACAO RELATIV MAXIMO MEDIO  MAXIMA MINIMA  MEDIA RACAO
                         cal/cm.   h/d    mm     %      m/s   km/h  grau C grau C grau Cmm
=================================================================================================
1    2023     1     JAN      492    6,1   10,9     83   10,2    5,1   29,7   19,5   24,6  5,95                                                                                               29,7   19,5   24,6          10,9
2    2023     2     JAN      514    6,7    4,3     80   12,0    6,1   31,7   18,6   25,1  6,07                                                                                               31,7   18,6   25,1           4,3
3    2023     3     JAN      434    4,6    1,5     84   11,1    6,2   28,5   20,0   24,3  5,86                                                                                               28,5   20,0   24,3           1,5
4    2023     4     JAN      331    1,9   16,8     89   10,4    9,1   28,3   18,2   23,2  5,61                                                                                               28,3   18,2   23,2          16,8
5    2023     5     JAN      167    0,0    9,1     88    8,9   12,6   21,3   17,9   19,6  4,74                                                                                               21,3   17,9   19,6           9,1
6    2023     6     JAN      308    1,3    0,0     78   12,3   15,4   23,3   17,4   20,4  4,91                                                                                               23,3   17,4   20,4           0,0
7    2023     7     JAN      339    2,1    0,0     74   11,3   15,9   24,5   17,7   21,1  5,09                                                                                               24,5   17,7   21,1           0,0
8    2023     8     JAN      435    4,6    0,3     82    8,6   10,0   24,7   17,4   21,1  5,09                                                                                               24,7   17,4   21,1           0,3
9    2023     9     JAN      260    0,0    4,6     89    8,5    7,7   26,6   19,2   22,9  5,52                                                                                               26,6   19,2   22,9           4,6
10   2023    10     JAN      329    1,8   48,8     90    8,1    7,2   28,7   19,6   24,1  5,83                                                                                               28,7   19,6   24,1          48,8
11   2023    11     JAN      360    2,7    8,0     89    6,4    5,3   28,0   18,9   23,4  5,66                                                                                               28,0   18,9   23,4           8,0
12   2023    12     JAN      408    3,9    3,6     85    6,7    6,0   29,8   19,1   24,5  5,91                                                                                               29,8   19,1   24,5           3,6
13   2023    13     JAN      458    5,2   83,2     88   12,6    8,0   29,8   19,8   24,8  5,98                                                                                               29,8   19,8   24,8          83,2
14   2023    14     JAN      514    6,7    4,6     84    8,6    6,4   31,0   20,1   25,6  6,17                                                                                               31,0   20,1   25,6           4,6
15   2023    15     JAN      563    8,0    0,0     80   10,0    7,2   33,3   20,7   27,0  6,52                                                                                               33,3   20,7   27,0           0,0
16   2023    16     JAN      596    8,9   22,4     81   12,3    6,4   33,1   20,1   26,6  6,43                                                                                               33,1   20,1   26,6          22,4
17   2023    17     JAN      543    7,5    0,8     82   10,7    6,7   31,7   19,4   25,5  6,16                                                                                               31,7   19,4   25,5           0,8
18   2023    18     JAN      578    8,4    0,3     77   11,6    7,0   32,7   20,6   26,6  6,43                                                                                               32,7   20,6   26,6           0,3
19   2023    19     JAN      532    7,2    7,8     85   10,3    5,7   31,7   20,2   25,9  6,26                                                                                               31,7   20,2   25,9           7,8
20   2023    20     JAN      354    2,5   23,4     90    7,1    5,0   27,5   19,3   23,4  5,65                                                                                               27,5   19,3   23,4          23,4
21   2023    21     JAN      519    6,8   10,6     87    9,9    4,5   28,9   19,2   24,1  5,81                                                                                               28,9   19,2   24,1          10,6
22   2023    22     JAN      515    6,7    0,0     79    8,9    3,5   31,3   19,9   25,6  6,17                                                                                               31,3   19,9   25,6           0,0
23   2023    23     JAN      424    4,3   50,0     90   14,4    5,6   30,1   20,2   25,2  6,07                                                                                               30,1   20,2   25,2          50,0
24   2023    24     JAN      587    8,6    0,2     79    8,0    7,0   30,3   20,0   25,2  6,07                                                                                               30,3   20,0   25,2           0,2
25   2023    25     JAN      657   10,5    0,0     67    8,9    8,9   32,1   19,3   25,7  6,20                                                                                               32,1   19,3   25,7           0,0
26   2023    26     JAN      676   11,0    0,0     60   10,8    8,9   32,4   19,0   25,7  6,21                                                                                               32,4   19,0   25,7           0,0
27   2023    27     JAN      591    8,7    0,0     68   10,5    7,3   32,1   17,6   24,9  6,00                                                                                               32,1   17,6   24,9           0,0
28   2023    28     JAN      630    9,8    2,2     81   11,4    6,0   30,6   20,8   25,7  6,20                                                                                               30,6   20,8   25,7           2,2
29   2023    29     JAN      274    0,4   38,6     92   14,5    5,6   28,6   19,3   24,0  5,79                                                                                               28,6   19,3   24,0          38,6
30   2023    30     JAN      422    4,3   29,0     91    8,2    5,8   28,7   20,5   24,6  5,94                                                                                               28,7   20,5   24,6          29,0
31   2023    31     JAN      583    8,5   37,3     83    8,9    5,6   31,5   19,8   25,7  6,19                                                                                               31,5   19,8   25,7          37,3
=================================================================================================
MEDIA                     464,28   5,48  13,49  82,44  10,07   7,35  29,44  19,33  24,38   5,89
TOTAL                      14393  169,9  418,2   2556  312,1  227,7  912,5  599,2  755,8182,49
DESVIO PADRAO                126    3,2   19,5      7    2,0    2,8    2,9    1,0    1,8  0,43
VARIANCIA                  15844    9,9  378,6     54    4,0    7,8    8,3    0,9    3,2  0,19
VALOR MAXIMO                 676   11,0   83,2     92   14,5   15,9   33,3   20,8   27,0  6,52
VALOR MINIM                  167    0,0    0,0     60    6,4    3,5   21,3   17,4   19,6  4,74
DIAS DE CHU  24

=================================================================================================
No  ANO    DIA    MES    R.GLOBA  INSO-PRECIPIUMIDADE  VENTO VENTO  TEMPER TEMPER TEMPER EVAPO-
                               2  LACAO TACAO RELATIV MAXIMO MEDIO  MAXIMA MINIMA  MEDIA RACAO
                         cal/cm.   h/d    mm     %      m/s   km/h  grau C grau C grau C
=================================================================================================
32   2023     1     FEV      459    5,7   20,8     88    8,0    4,7   29,7   20,0   24,9   5,68                                                                                              29,7   20,0   24,9          20,8
33   2023     2     FEV      350    2,8   25,1     91   12,3    6,1   30,4   20,4   25,4   5,81                                                                                              30,4   20,4   25,4          25,1
34   2023     3     FEV      398    4,1   25,4     88   18,2    8,9   29,4   19,9   24,6   5,62                                                                                              29,4   19,9   24,6          25,4
35   2023     4     FEV      452    5,5    3,3     86    9,6    6,2   29,7   20,0   24,8   5,68                                                                                              29,7   20,0   24,8           3,3
36   2023     5     FEV      428    4,9    0,5     83    8,8    7,0   30,4   21,0   25,7   5,86                                                                                              30,4   21,0   25,7           0,5
37   2023     6     FEV      416    4,5   10,4     90    8,3    5,0   29,2   20,2   24,7   5,65                                                                                              29,2   20,2   24,7          10,4
38   2023     7     FEV      248    0,1    3,6     94    7,3    4,9   27,5   19,8   23,7   5,41                                                                                              27,5   19,8   23,7           3,6
39   2023     8     FEV      651   10,8    0,0     77    8,1    7,3   31,5   19,7   25,6   5,85                                                                                              31,5   19,7   25,6           0,0
40   2023     9     FEV      633   10,3    0,0     73    8,8    6,9   32,2   19,1   25,7   5,86                                                                                              32,2   19,1   25,7           0,0
41   2023    10     FEV      401    4,1    3,8     86    7,3    4,5   30,1   20,4   25,3   5,78                                                                                              30,1   20,4   25,3           3,8
42   2023    11     FEV      309    1,7    5,6     92    6,3    4,1   27,2   20,2   23,7   5,42                                                                                              27,2   20,2   23,7           5,6
43   2023    12     FEV      397    4,0    8,6     88    9,4    5,7   29,9   19,7   24,8   5,67                                                                                              29,9   19,7   24,8           8,6
44   2023    13     FEV      435    5,1   10,7     87    8,4    4,8   29,5   19,8   24,7   5,63                                                                                              29,5   19,8   24,7          10,7
45   2023    14     FEV      441    5,2    3,6     87   11,2    6,0   31,0   19,7   25,4   5,79                                                                                              31,0   19,7   25,4           3,6
46   2023    15     FEV      548    8,0    0,0     76   11,4    8,0   32,6   20,1   26,4   6,02                                                                                              32,6   20,1   26,4           0,0
47   2023    16     FEV      534    7,7   11,4     83   19,8    7,8   31,1   20,0   25,6   5,84                                                                                              31,1   20,0   25,6          11,4
48   2023    17     FEV      460    5,7    0,3     83   12,9    8,0   31,5   20,4   25,9   5,93                                                                                              31,5   20,4   25,9           0,3
49   2023    18     FEV      405    4,2    7,1     83   12,6    8,3   31,6   20,6   26,1   5,96                                                                                              31,6   20,6   26,1           7,1
50   2023    19     FEV      323    2,1    1,0     87   10,8   10,2   24,9   19,2   22,1   5,04                                                                                              24,9   19,2   22,1           1,0
51   2023    20     FEV      541    7,9    0,0     84   15,8    5,7   31,9   17,9   24,9   5,69                                                                                              31,9   17,9   24,9           0,0
52   2023    21     FEV      544    7,9    0,0     81    9,5    7,4   29,9   19,7   24,8   5,66                                                                                              29,9   19,7   24,8           0,0
53   2023    22     FEV      523    7,4    0,0     77    9,0    5,2   30,6   19,6   25,1   5,73                                                                                              30,6   19,6   25,1           0,0
54   2023    23     FEV      385    3,7   14,7     90   11,2    5,0   30,0   19,6   24,8   5,67                                                                                              30,0   19,6   24,8          14,7
55   2023    24     FEV      492    6,6    0,3     81    7,3    5,4   30,7   19,6   25,2   5,75                                                                                              30,7   19,6   25,2           0,3
56   2023    25     FEV      453    5,5    6,1     83   14,5    6,7   31,6   20,0   25,8   5,90                                                                                              31,6   20,0   25,8           6,1
57   2023    26     FEV      348    2,7    0,0     83    6,4    4,4   30,5   19,5   25,0   5,71                                                                                              30,5   19,5   25,0           0,0
58   2023    27     FEV      478    6,2    0,5     77   11,9    8,5   33,2   21,1   27,2   6,21                                                                                              33,2   21,1   27,2           0,5
59   2023    28     FEV      347    2,7    7,6     87   10,1    6,1   31,4   19,1   25,3   5,77                                                                                              31,4   19,1   25,3           7,6
60   2023    29     FEV


=================================================================================================
MEDIA                     442,81   5,25   6,09  84,48  10,54   6,39  30,33  19,86  25,09   5,74
TOTAL                    12398,5 147,04 170,392365,53 295,20 178,80 849,11 556,05 702,58 160,59
DESVIO PADRAO                 92    2,5    7,4      5    3,3    1,5    1,7    0,6    4,7  0,21
VARIANCIA                   8515    6,0   55,2     26   10,9    2,4    2,8    0,4   21,8  0,04
VALOR MAXIMO                 651   10,8   25,4     94   19,8   10,2   33,2   21,1   27,2  6,21
VALOR MINIMO                 248    0,1    0,0     73    6,3    4,1   24,9   17,9   22,1  5,04
DIAS DE CHU  21

=================================================================================================
No  ANO    DIA    MES    R.GLOBA  INSO-PRECIPIUMIDADE  VENTO VENTO  TEMPER TEMPER TEMPER EVAPO-
                               2  LACAO TACAO RELATIV MAXIMO MEDIO  MAXIMA MINIMA  MEDIA RACAO
                         cal/cm.   h/d    mm     %      m/s   km/h  grau C grau C grau C
=================================================================================================
61   2023     1     MAR      550    9,4    0,0     77    7,0    4,5   31,1   18,4   24,8  5,06                                                                                               31,1   18,4   24,8           0,0
62   2023     2     MAR      578   10,2    0,0     75    6,8    4,6   32,2   18,7   25,4  5,20                                                                                               32,2   18,7   25,4           0,0
63   2023     3     MAR      565    9,8    5,6     73   11,2    5,9   32,8   20,9   26,9  5,49                                                                                               32,8   20,9   26,9           5,6
64   2023     4     MAR      272    1,5   25,7     92   16,0    5,2   30,1   19,4   24,7  5,05                                                                                               30,1   19,4   24,7          25,7
65   2023     5     MAR      395    5,0    0,3     85    6,6    6,1   31,8   19,5   25,6  5,23                                                                                               31,8   19,5   25,6           0,3
66   2023     6     MAR      528    8,8    1,5     77   14,7    7,5   31,6   18,6   25,1  5,12                                                                                               31,6   18,6   25,1           1,5
67   2023     7     MAR      574   10,1    0,0     74    7,2    6,2   31,6   17,9   24,8  5,06                                                                                               31,6   17,9   24,8           0,0
68   2023     8     MAR      569    9,9    0,0     77   10,5    4,7   32,9   18,9   25,9  5,29                                                                                               32,9   18,9   25,9           0,0
69   2023     9     MAR      394    5,0    0,0     85   11,1    4,8   30,8   20,3   25,6  5,22                                                                                               30,8   20,3   25,6           0,0
70   2023    10     MAR      271    1,5   10,7     91    7,9    4,6   29,4   19,4   24,4  4,99                                                                                               29,4   19,4   24,4          10,7
71   2023    11     MAR      245    0,7    3,6     94    6,6    3,7   27,0   19,5   23,3  4,75                                                                                               27,0   19,5   23,3           3,6
72   2023    12     MAR      417    5,6    0,3     88   13,0    4,9   28,8   20,3   24,6  5,02                                                                                               28,8   20,3   24,6           0,3
73   2023    13     MAR      334    3,3    0,0     89   11,4    3,6   29,1   19,7   24,4  4,98                                                                                               29,1   19,7   24,4           0,0
74   2023    14     MAR      306    2,5    5,6     92    8,9    4,5   29,5   19,7   24,6  5,03                                                                                               29,5   19,7   24,6           5,6
75   2023    15     MAR      449    6,5    0,0     78    9,4    6,9   30,8   19,8   25,3  5,17                                                                                               30,8   19,8   25,3           0,0
76   2023    16     MAR      570    9,9    0,0     72   11,4    9,9   32,0   19,0   25,5  5,21                                                                                               32,0   19,0   25,5           0,0
77   2023    17     MAR      422    5,8    0,0     74    9,9    6,5   30,4   18,9   24,7  5,04                                                                                               30,4   18,9   24,7           0,0
78   2023    18     MAR      526    8,7    0,0     72    6,6    5,5   31,7   18,0   24,8  5,07                                                                                               31,7   18,0   24,8           0,0
79   2023    19     MAR      496    7,8    0,0     76    5,3    4,6   32,6   18,7   25,6  5,24                                                                                               32,6   18,7   25,6           0,0
80   2023    20     MAR      507    8,2   33,5     83   17,3    6,5   32,7   18,9   25,8  5,27                                                                                               32,7   18,9   25,8          33,5
81   2023    21     MAR      529    8,8    0,0     75   10,5    6,2   31,4   19,1   25,3  5,16                                                                                               31,4   19,1   25,3           0,0
82   2023    22     MAR      553    9,5    0,0     71   11,3    7,0   32,6   18,7   25,7  5,24                                                                                               32,6   18,7   25,7           0,0
83   2023    23     MAR      478    7,3    0,0     75    5,4    3,5   32,4   18,9   25,7  5,24                                                                                               32,4   18,9   25,7           0,0
84   2023    24     MAR      512    8,3    0,0     71    6,8    7,1   32,6   19,3   26,0  5,30                                                                                               32,6   19,3   26,0           0,0
85   2023    25     MAR      527    8,7    0,0     72    6,2    5,0   32,5   19,7   26,1  5,33                                                                                               32,5   19,7   26,1           0,0
86   2023    26     MAR      496    7,8    0,0     68    8,3    5,9   33,9   19,3   26,6  5,43                                                                                               33,9   19,3   26,6           0,0
87   2023    27     MAR      427    5,9    0,0     76   10,6   11,4   30,2   20,7   25,5  5,20                                                                                               30,2   20,7   25,5           0,0
88   2023    28     MAR      449    6,5    2,3     83    6,5    4,7   31,1   18,6   24,9  5,08                                                                                               31,1   18,6   24,9           2,3
89   2023    29     MAR      367    4,2    0,0     83   10,1    6,0   30,5   19,5   25,0  5,11                                                                                               30,5   19,5   25,0           0,0
90   2023    30     MAR      479    7,4    0,0     78    5,8    5,1   31,4   19,1   25,3  5,16                                                                                               31,4   19,1   25,3           0,0
91   2023    31     MAR      418    5,6    8,4     82   14,1    6,1   32,2   20,3   26,2  5,36                                                                                               32,2   20,3   26,2           8,4
=================================================================================================
MEDIA                     458,17   6,78   3,14  79,30   9,50   5,76  31,27  19,28  25,28   5,16
TOTAL                      14203  210,1   97,4   2458  294,4  178,7  969,5  597,6  783,6160,09
DESVIO PADRAO                 96    2,7    7,5      7    3,1    1,7    1,4    0,7    0,7  0,15
VARIANCIA                   9198    7,4   56,3     51    9,9    2,7    2,1    0,5    0,5  0,02
VALOR MAXIMO                 578   10,2   33,5     94   17,3   11,4   33,9   20,9   26,9  5,49
VALOR MINIM                  245    0,7    0,0     68    5,3    3,5   27,0   17,9   23,3  4,75
DIAS DE CHU  11

=================================================================================================
No  ANO    DIA    MES    R.GLOBA  INSO-PRECIPIUMIDADE  VENTO VENTO  TEMPER TEMPER TEMPER EVAPO-
                               2  LACAO TACAO RELATIV MAXIMO MEDIO  MAXIMA MINIMA  MEDIA RACAO
                         cal/cm.   h/d    mm     %      m/s   km/h  grau C grau C grau C
=================================================================================================
92   2023     1     ABR      524   10,9    0,0     70    9,0    9,2   31,4   18,0   24,7  4,23                                                                                               31,4   18,0   24,7           0,0
93   2023     2     ABR      539   11,4    0,0     73    9,3   11,6   28,4   17,4   22,9  3,93                                                                                               28,4   17,4   22,9           0,0
94   2023     3     ABR      528   11,0    0,0     74    6,3    5,1   30,5   15,8   23,1  3,97                                                                                               30,5   15,8   23,1           0,0
95   2023     4     ABR      493    9,9    0,0     72    7,8    5,7   30,6   17,1   23,8  4,09                                                                                               30,6   17,1   23,8           0,0
96   2023     5     ABR      516   10,7    0,0     69    9,3    8,9   31,0   16,5   23,8  4,07                                                                                               31,0   16,5   23,8           0,0
97   2023     6     ABR      413    7,4    1,3     73    9,4    8,6   30,3   18,6   24,5  4,19                                                                                               30,3   18,6   24,5           1,3
98   2023     7     ABR      100    0,0   24,1     97    5,7    4,4   21,9   19,0   20,5  3,51                                                                                               21,9   19,0   20,5          24,1
99   2023     8     ABR      304    3,8    0,3     81    8,4   10,3   27,1   18,3   22,7  3,89                                                                                               27,1   18,3   22,7           0,3
100  2023     9     ABR      189    0,1    1,8     82    8,6   10,6   24,3   18,8   21,6  3,69                                                                                               24,3   18,8   21,6           1,8
101  2023    10     ABR      506   10,3    0,0     70   10,6    9,6   28,6   16,8   22,7  3,89                                                                                               28,6   16,8   22,7           0,0
102  2023    11     ABR      477    9,4    0,0     78    4,2    3,9   29,4   14,6   22,0  3,77                                                                                               29,4   14,6   22,0           0,0
103  2023    12     ABR      348    5,3    0,0     84    5,8    4,5   29,4   17,5   23,5  4,02                                                                                               29,4   17,5   23,5           0,0
104  2023    13     ABR      434    8,0   19,1     83   16,1    5,1   31,1   18,0   24,6  4,21                                                                                               31,1   18,0   24,6          19,1
105  2023    14     ABR      165    0,0   22,9     96    8,8    3,0   23,8   17,9   20,9  3,57                                                                                               23,8   17,9   20,9          22,9
106  2023    15     ABR      318    4,3    0,0     82    7,5    7,6   27,9   18,7   23,3  3,99                                                                                               27,9   18,7   23,3           0,0
107  2023    16     ABR      471    9,2    0,0     79    4,5    3,4   30,0   17,4   23,7  4,06                                                                                               30,0   17,4   23,7           0,0
108  2023    17     ABR      338    4,9   12,5     85   11,2    6,7   30,7   17,7   24,2  4,15                                                                                               30,7   17,7   24,2          12,5
109  2023    18     ABR      265    2,6   20,6     89   12,9   11,0   28,3   19,2   23,8  4,07                                                                                               28,3   19,2   23,8          20,6
110  2023    19     ABR      435    8,1    0,0     72   10,1    9,6   26,5   16,3   21,4  3,67                                                                                               26,5   16,3   21,4           0,0
111  2023    20     ABR      489    9,8    0,0     67   11,1    9,9   23,5   13,5   18,5  3,17                                                                                               23,5   13,5   18,5           0,0
112  2023    21     ABR      506   10,3    0,0     67    9,5    9,9   25,6   11,8   18,7  3,21                                                                                               25,6   11,8   18,7           0,0
113  2023    22     ABR      469    9,2    0,0     72   11,0    8,6   27,9   12,8   20,3  3,49                                                                                               27,9   12,8   20,3           0,0
114  2023    23     ABR      476    9,4    0,0     73   10,3    7,7   28,1   13,2   20,7  3,54                                                                                               28,1   13,2   20,7           0,0
115  2023    24     ABR      468    9,1    0,0     70   11,4    7,7   28,3   14,6   21,5  4,11                                                                                               28,3   19,6   24,0           0,0
116  2023    25     ABR      437    8,1    0,0     73    4,9    3,9   28,6   14,0   21,3  3,65                                                                                               28,6   14,0   21,3           0,0
117  2023    26     ABR      135    0,0    4,8     93    6,8    4,3   23,7   18,0   20,9  3,57                                                                                               23,7   18,0   20,9           4,8
118  2023    27     ABR      276    2,9   10,9     91    6,0    5,3   25,7   15,6   20,7  3,54                                                                                               25,7   15,6   20,7          10,9
119  2023    28     ABR      223    1,2    0,0     87    7,0    7,1   23,2   15,6   19,4  3,33                                                                                               23,2   15,6   19,4           0,0
120  2023    29     ABR      379    6,3    0,0     81    7,7    5,0   27,7   13,1   20,4  3,50                                                                                               27,7   13,1   20,4           0,0
121  2023    30     ABR      391    6,7    0,0     79    5,1    3,6   29,4   14,5   22,0  3,76                                                                                               29,4   14,5   22,0           0,0

=================================================================================================
MEDIA                     387,02   6,68   3,94  78,79   8,54   7,06  27,76  16,34  22,05   3,79
TOTAL                      11611  200,3  118,2   2364  256,3  211,8  832,8  490,3  661,6113,82
DESVIO PADRAO                126    3,7    7,6      9    2,7    2,6    2,6    2,1    4,2  0,30
VARIANCIA                  15916   13,9   57,7     75    7,1    6,7    7,0    4,4   18,0  0,09
VALOR MAXIMO                 539   11,4   24,1     97   16,1   11,6   31,4   19,2   24,7  4,23
VALOR MINIMO                 100    0,0    0,0     67    4,2    3,0   21,9   11,8   18,5  3,17
DIAS DE CHU  10

=================================================================================================
No  ANO    DIA    MES    R.GLOBA  INSO-PRECIPIUMIDADE  VENTO VENTO  TEMPER TEMPER TEMPER EVAPO-
                               2  LACAO TACAO RELATIV MAXIMO MEDIO  MAXIMA MINIMA  MEDIA RACAO
                         cal/cm.   h/d    mm     %      m/s   km/h  grau C grau C grau C
=================================================================================================
122  2023     1     MAI      409    9,1    0,0     81    6,1    4,1   28,4   15,8   22,1  3,22                                                                                               28,4   15,8   22,1           0,0
123  2023     2     MAI      428    9,8    0,0     79    7,9    4,5   29,4   15,7   22,6  3,29                                                                                               29,4   15,7   22,6           0,0
124  2023     3     MAI      398    8,7    0,0     77    4,8    3,6   29,1   15,7   22,4  3,26                                                                                               29,1   15,7   22,4           0,0
125  2023     4     MAI      415    9,3    0,0     73    5,1    4,4   30,3   14,0   22,2  3,23                                                                                               30,3   14,0   22,2           0,0
126  2023     5     MAI      406    9,0    0,0     74    5,5    3,7   31,0   15,5   23,3  3,39                                                                                               31,0   15,5   23,3           0,0
127  2023     6     MAI      384    8,2    0,0     80    5,9    4,8   29,8   16,9   23,4  3,40                                                                                               29,8   16,9   23,4           0,0
128  2023     7     MAI      353    7,1    0,0     79    5,0    4,6   29,5   16,2   22,9  3,33                                                                                               29,5   16,2   22,9           0,0
129  2023     8     MAI      391    8,5    0,0     75    6,6    4,7   30,2   15,5   22,9  3,33                                                                                               30,2   15,5   22,9           0,0
130  2023     9     MAI      307    5,5    0,0     80    7,0    5,2   28,3   15,1   21,7  3,16                                                                                               28,3   15,1   21,7           0,0
131  2023    10     MAI      241    3,1    1,3     91   12,5    3,9   27,7   17,4   22,6  3,29                                                                                               27,7   17,4   22,6           1,3
132  2023    11     MAI      336    6,5    0,0     81    6,8    5,8   26,2   16,3   21,3  3,10                                                                                               26,2   16,3   21,3           0,0
133  2023    12     MAI      334    6,4    0,0     75    9,3    8,0   23,7   13,6   18,7  2,72                                                                                               23,7   13,6   18,7           0,0
134  2023    13     MAI      414    9,3    0,0     71    5,8    4,5   23,7   10,2   17,0  2,47                                                                                               23,7   10,2   17,0           0,0
135  2023    14     MAI      408    9,1    0,0     73    4,2    4,1   24,6    8,9   16,7  2,44                                                                                               24,6    8,9   16,7           0,0
136  2023    15     MAI      412    9,2    0,0     67    5,4    4,7   24,9    8,6   16,8  2,44                                                                                               24,9    8,6   16,8           0,0
137  2023    16     MAI      408    9,1    0,0     67    9,0    7,8   25,6    7,4   16,5  2,40                                                                                               25,6    7,4   16,5           0,0
138  2023    17     MAI      404    9,0    0,0     74    9,6    9,6   24,4   10,6   17,5  2,55                                                                                               24,4   10,6   17,5           0,0
139  2023    18     MAI      407    9,1    0,0     73    6,6    5,9   25,1    9,5   17,3  2,52                                                                                               25,1    9,5   17,3           0,0
140  2023    19     MAI      382    8,2    0,0     79    3,7    3,2   26,0    7,7   16,8  2,45                                                                                               26,0    7,7   16,8           0,0
141  2023    20     MAI      380    8,1    0,0     79    4,6    4,9   25,8    7,3   16,6  2,41                                                                                               25,8    7,3   16,6           0,0
142  2023    21     MAI      369    7,7    0,0     70    7,5    6,2   25,9    9,3   17,6  2,57                                                                                               25,9    9,3   17,6           0,0
143  2023    22     MAI      319    5,9    0,0     74    9,5    5,7   26,6   10,5   18,6  2,70                                                                                               26,6   10,5   18,6           0,0
144  2023    23     MAI      380    8,1    0,0     70    6,0    5,2   26,8   10,8   18,8  2,74                                                                                               26,8   10,8   18,8           0,0
145  2023    24     MAI      368    7,7    0,0     73    8,6    5,6   27,2   10,1   18,7  2,72                                                                                               27,2   10,1   18,7           0,0
146  2023    25     MAI      373    7,8    0,0     74    8,3    5,8   28,1   12,2   20,2  2,94                                                                                               28,1   12,2   20,2           0,0
147  2023    26     MAI      373    7,8    0,0     71    6,5    5,5   28,3   12,7   20,5  2,99                                                                                               28,3   12,7   20,5           0,0
148  2023    27     MAI      356    7,2    0,0     73    7,7    5,4   29,3   12,6   20,9  3,05                                                                                               29,3   12,6   20,9           0,0
149  2023    28     MAI      118    0,0    0,0     84    5,7    6,3   22,1   14,0   18,0  2,63                                                                                               22,1   14,0   18,0           0,0
150  2023    29     MAI      241    3,1    0,0     77    9,8   12,3   24,1   15,8   20,0  2,91                                                                                               24,1   15,8   20,0           0,0
151  2023    30     MAI      177    0,7   24,6     87    8,8    6,6   22,3   15,2   18,8  2,73                                                                                               22,3   15,2   18,8          24,6
152  2023    31     MAI      105    0,0    8,1     97    6,2    3,5   19,6   15,3   17,5  2,54                                                                                               19,6   15,3   17,5           8,1
=================================================================================================
MEDIA                     348,37   7,05   1,10  76,64   6,97   5,49  26,58  12,79  19,68   2,87
TOTAL                    10799,3 218,40  34,042375,78 216,00 170,10 823,93 396,48 610,21  88,92
DESVIO PADRAO                 84    2,7    4,5      6    2,0    1,9    2,7    3,1    2,3  0,34
VARIANCIA                   7041    7,5   20,6     41    3,8    3,4    7,3    9,7    5,5  0,12
VALOR MAXIMO                 428    9,8   24,6     97   12,5   12,3   31,0   17,4   23,4  3,40
VALOR MINIMO                 105    0,0    0,0     67    3,7    3,2   19,6    7,3   16,5  2,40
DIAS DE CHU   3

=================================================================================================
No  ANO    DIA    MES    R.GLOBA  INSO-PRECIPIUMIDADE  VENTO VENTO  TEMPER TEMPER TEMPER EVAPO-
                               2  LACAO TACAO RELATIV MAXIMO MEDIO  MAXIMA MINIMA  MEDIA RACAO
                         cal/cm.   h/d    mm     %      m/s   km/h  grau C grau C grau C
=================================================================================================
153  2023     1     JUN      178    1,5    0,5     89    4,3    3,6   21,0   12,3   16,6  2,16                                                                                               25,8   19,8   22,8           0,5
154  2023     2     JUN      366    8,9    0,0     81    7,5    5,0   25,1    9,5   17,3  2,25                                                                                               25,8   19,8   22,8           0,0
155  2023     3     JUN      363    8,8    0,0     79    4,4    4,6   26,8   10,0   18,4  2,39                                                                                               25,8   19,8   22,8           0,0
156  2023     4     JUN      367    9,0    0,0     76    4,5    5,7   27,4    9,4   18,4  2,39                                                                                               25,8   19,8   22,8           0,0
157  2023     5     JUN      367    9,0    0,0     73    8,6    5,9   25,8    9,2   17,5  2,28                                                                                               25,8    9,2   17,5           0,0
158  2023     6     JUN      343    8,0    0,0     76    3,8    3,8   25,8   11,1   18,5  2,40                                                                                               25,8   11,1   18,5           0,0
159  2023     7     JUN      351    8,3    0,0     76    4,3    4,8   26,6    9,2   17,9  2,33                                                                                               26,6    9,2   17,9           0,0
160  2023     8     JUN      327    7,4    0,0     75    3,8    5,1   26,4   10,9   18,6  2,42                                                                                               26,4   10,9   18,6           0,0
161  2023     9     JUN      350    8,3    0,0     75    9,1    7,3   28,4   11,0   19,7  2,56                                                                                               28,4   11,0   19,7           0,0
162  2023    10     JUN      353    8,4    0,0     75    6,8    7,1   29,1   11,2   20,2  2,62                                                                                               29,1   11,2   20,2           0,0
163  2023    11     JUN      325    7,3    0,0     75    9,1    8,1   29,6   11,7   20,6  2,68                                                                                               29,6   11,7   20,6           0,0
164  2023    12     JUN      338    7,8    0,0     74    8,0    6,8   30,3   12,8   21,5  2,80                                                                                               30,3   12,8   21,5           0,0
165  2023    13     JUN      138    0,0    2,3     74    9,5    8,2   21,9   16,3   19,1  2,48                                                                                               21,9   16,3   19,1           2,3
166  2023    14     JUN       60    0,0   32,3     99    4,7    2,7   18,2   15,3   16,8  2,18                                                                                               18,2   15,3   16,8          32,3
167  2023    15     JUN       38    0,0   29,5     98    8,6    6,8   18,1   15,2   16,7  2,16                                                                                               18,1   15,2   16,7          29,5
168  2023    16     JUN      224    3,3    0,0     87    8,3    6,8   19,7   10,2   15,0  1,94                                                                                               19,7   10,2   15,0           0,0
169  2023    17     JUN      310    6,7    0,0     85    3,9    4,3   19,0    5,9   12,5  1,62                                                                                               19,0    5,9   12,5           0,0
170  2023    18     JUN      351    8,3    0,0     81    7,9    5,7   21,6    5,4   13,5  1,76                                                                                               21,6    5,4   13,5           0,0
171  2023    19     JUN      353    8,4    0,0     76    8,5    5,0   24,8    6,8   15,8  2,05                                                                                               24,8    6,8   15,8           0,0
172  2023    20     JUN      345    8,1    0,0     78    4,4    5,1   26,5    6,8   16,7  2,16                                                                                               26,5    6,8   16,7           0,0
173  2023    21     JUN      344    8,0    0,0     74    5,4    5,2   26,2    9,2   17,7  2,30                                                                                               26,2    9,2   17,7           0,0
174  2023    22     JUN      337    7,8    0,0     74    6,8    6,1   27,3   10,5   18,9  2,46                                                                                               27,3   10,5   18,9           0,0
175  2023    23     JUN      315    6,9    0,0     74    6,2    5,1   28,1   10,8   19,5  2,53                                                                                               28,1   10,8   19,5           0,0
176  2023    24     JUN      339    7,8    0,0     74    4,6    5,1   28,3   11,0   19,6  2,55                                                                                               28,3   11,0   19,6           0,0
177  2023    25     JUN      346    8,1    0,0     71    5,1    5,2   28,5   12,0   20,3  2,63                                                                                               28,5   12,0   20,3           0,0
178  2023    26     JUN      347    8,2    0,0     74    5,9    5,5   28,2   10,8   19,5  2,54                                                                                               28,2   10,8   19,5           0,0
179  2023    27     JUN      349    8,3    0,0     72    7,1    6,9   28,0   10,5   19,3  2,50                                                                                               28,0   10,5   19,3           0,0
180  2023    28     JUN      347    8,2    0,0     70    7,4    6,2   28,3   11,1   19,7  2,56                                                                                               28,3   11,1   19,7           0,0
181  2023    29     JUN      331    7,6    0,0     76   10,4    8,2   25,9   11,1   18,5  2,41                                                                                               25,9   11,1   18,5           0,0
182  2023    30     JUN      335    7,7    0,0     77    4,5    3,5   26,3   11,2   18,8  2,44                                                                                               26,3   11,2   18,8           0,0

=================================================================================================
MEDIA                     307,82   6,88   2,15  77,54   6,45   5,65  25,57  10,61  18,09   2,35
TOTAL                       9235  206,3   64,5   2249  193,4  169,4  767,1  318,4  542,7 70,56
DESVIO PADRAO                 87    2,7    7,7      7    2,0    1,4    3,4    2,4    3,8  0,26
VARIANCIA                   7495    7,5   59,2     46    4,0    1,9   11,7    5,9   14,1  0,07
VALOR MAXIMO                 367    9,0   32,3     99   10,4    8,2   30,3   16,3   21,5  2,80
VALOR MINIMO                  38    0,0    0,0     70    3,8    2,7   18,1    5,4   12,5  1,62
DIAS DE CHU   4

=================================================================================================
No  ANO    DIA    MES    R.GLOBA  INSO-PRECIPIUMIDADE  VENTO VENTO  TEMPER TEMPER TEMPER EVAPO-
                               2  LACAO TACAO RELATIV MAXIMO MEDIO  MAXIMA MINIMA  MEDIA RACAO
                         cal/cm.   h/d    mm     %      m/s   km/h  grau C grau C grau Cmm
=================================================================================================
183  2023     1     JUL      259    4,2    0,0     86    8,8    4,1   23,8   11,4   17,6  2,41                                                                                               23,8   11,4   17,6           0,0
184  2023     2     JUL      349    7,6    0,0     75    8,2    6,1   25,3    9,8   17,6  2,41                                                                                               25,3    9,8   17,6           0,0
185  2023     3     JUL      350    7,6    0,0     73   10,1   10,3   22,9    9,3   16,1  2,21                                                                                               22,9    9,3   16,1           0,0
186  2023     4     JUL      361    8,1    0,0     72    5,4    5,2   25,2    7,7   16,5  2,26                                                                                               25,2    7,7   16,5           0,0
187  2023     5     JUL      350    7,6    0,0     69    5,8    5,2   26,6    8,0   17,3  2,37                                                                                               26,6    8,0   17,3           0,0
188  2023     6     JUL      349    7,6    0,0     65    7,3    6,3   26,1    9,1   17,6  2,41                                                                                               26,1    9,1   17,6           0,0
189  2023     7     JUL      346    7,5    0,0     66    5,8    6,0   26,7    8,2   17,5  2,39                                                                                               26,7    8,2   17,5           0,0
190  2023     8     JUL      339    7,2    5,3     66   11,5    7,4   29,0    9,1   19,1  2,61                                                                                               29,0    9,1   19,1           5,3
191  2023     9     JUL       73    0,0   14,0     99    3,5    3,2   18,9   16,0   17,5  2,39                                                                                               18,9   16,0   17,5          14,0
192  2023    10     JUL      251    3,9    0,0     88    6,4    4,7   25,5   15,1   20,3  2,78                                                                                               25,5   15,1   20,3           0,0
193  2023    11     JUL      336    7,1    0,0     77    4,4    4,9   30,3   13,6   22,0  3,01                                                                                               30,3   13,6   22,0           0,0
194  2023    12     JUL      331    6,9    0,0     65   12,9    8,6   30,9   15,1   23,0  3,15                                                                                               30,9   15,1   23,0           0,0
195  2023    13     JUL      378    8,7    0,0     52   12,6   15,5   26,6   16,6   21,6  2,96                                                                                               26,6   16,6   21,6           0,0
196  2023    14     JUL      393    9,3    0,0     64    7,8    7,4   20,0    9,7   14,9  2,04                                                                                               20,0    9,7   14,9           0,0
197  2023    15     JUL      389    9,1    0,0     68    4,7    4,1   23,4    6,2   14,8  2,03                                                                                               23,4    6,2   14,8           0,0
198  2023    16     JUL      243    3,6    0,0     72    5,0    4,9   24,3    6,3   15,3  2,10                                                                                               24,3    6,3   15,3           0,0
199  2023    17     JUL      257    4,2    0,0     74    4,5    4,4   26,9   12,9   19,9  2,73                                                                                               26,9   12,9   19,9           0,0
200  2023    18     JUL      329    6,9    0,0     78    9,7    8,8   24,5   15,1   19,8  2,72                                                                                               24,5   15,1   19,8           0,0
201  2023    19     JUL      325    6,7    0,0     76   10,1   14,0   23,9   14,7   19,3  2,65                                                                                               23,9   14,7   19,3           0,0
202  2023    20     JUL      337    7,2    0,0     74    8,7    6,5   26,5   14,5   20,5  2,81                                                                                               26,5   14,5   20,5           0,0
203  2023    21     JUL      368    8,3    0,0     75    8,1    4,5   27,4   11,1   19,3  2,64                                                                                               27,4   11,1   19,3           0,0
204  2023    22     JUL      361    8,1    0,0     76    5,1    4,5   26,9   11,4   19,1  2,62                                                                                               26,9   11,4   19,1           0,0
205  2023    23     JUL      296    5,6    0,0     70    4,9    4,5   28,3   10,9   19,6  2,69                                                                                               28,3   10,9   19,6           0,0
206  2023    24     JUL      377    8,7    0,0     64    4,7    5,0   29,1   11,3   20,2  2,77                                                                                               29,1   11,3   20,2           0,0
207  2023    25     JUL      266    4,5    0,0     69    7,1    5,2   27,9   10,3   19,1  2,62                                                                                               27,9   10,3   19,1           0,0
208  2023    26     JUL      326    6,7    0,0     70    6,7    6,3   29,3   12,0   20,7  2,83                                                                                               29,3   12,0   20,7           0,0
209  2023    27     JUL      376    8,6    0,0     67   10,1    5,9   30,5   12,0   21,3  2,91                                                                                               30,5   12,0   21,3           0,0
210  2023    28     JUL      371    8,4    0,0     72   12,5    6,9   29,0   13,0   21,0  2,88                                                                                               29,0   13,0   21,0           0,0
211  2023    29     JUL      298    5,7    0,0     77   10,5   11,6   23,6   13,2   18,4  2,52                                                                                               23,6   13,2   18,4           0,0
212  2023    30     JUL      395    9,4    0,0     78    5,9    5,1   25,3    9,9   17,6  2,41                                                                                               25,3    9,9   17,6           0,0
213  2023    31     JUL      274    4,8    0,0     85    4,6    2,9   24,4   11,8   18,1  2,48                                                                                               24,4   11,8   18,1           0,0
=================================================================================================
MEDIA                     324,34   6,77   0,62  72,90   7,53   6,45  26,09  11,46  18,78   2,57
TOTAL                      10054  209,9   19,3   2260  233,4  200,0  808,9  355,3  582,1 79,81
DESVIO PADRAO                 63    2,1    2,6      8    2,7    2,9    2,8    2,8    2,0  0,28
VARIANCIA                   3993    4,2    6,8     71    7,3    8,4    7,8    7,6    4,2  0,08
VALOR MAXIMO                 395    9,4   14,0     99   12,9   15,5   30,9   16,6   23,0  3,15
VALOR MINIMO                  73    0,0    0,0     52    3,5    2,9   18,9    6,2   14,8  2,03
DIAS DE CHU   2

=================================================================================================
No  ANO    DIA    MES    R.GLOBA  INSO-PRECIPIUMIDADE  VENTO VENTO  TEMPER TEMPER TEMPER EVAPO-
                               2  LACAO TACAO RELATIV MAXIMO MEDIO  MAXIMA MINIMA  MEDIA RACAO
                         cal/cm.   h/d    mm     %      m/s   km/h  grau C grau C grau C
=================================================================================================
214  2023     1     AGO      343    5,8    0,0     75    3,8    4,5   27,9    9,1   18,5  2,93                                                                                               27,9    9,1   18,5           0,0
215  2023     2     AGO      395    7,6    0,0     69    4,7    6,1   30,3   10,2   20,3  3,21                                                                                               30,3   10,2   20,3           0,0
216  2023     3     AGO      400    7,8    0,0     63    5,6    4,7   30,2   11,5   20,9  3,31                                                                                               30,2   11,5   20,9           0,0
217  2023     4     AGO      410    8,1    0,0     63    6,2    4,2   28,8   11,9   20,4  3,23                                                                                               28,8   11,9   20,4           0,0
218  2023     5     AGO      399    7,7    0,0     61    5,5    4,6   29,8   10,6   20,2  3,20                                                                                               29,8   10,6   20,2           0,0
219  2023     6     AGO      399    7,7    0,0     60    6,7    5,6   31,9   10,6   21,3  3,37                                                                                               31,9   10,6   21,3           0,0
220  2023     7     AGO      399    7,7    0,0     58   11,8    7,7   32,3   13,5   22,9  3,63                                                                                               32,3   13,5   22,9           0,0
221  2023     8     AGO      380    7,1    0,0     71   11,0   14,0   26,2   16,4   21,3  3,38                                                                                               26,2   16,4   21,3           0,0
222  2023     9     AGO      352    6,1    0,0     76   12,4    7,1   29,7   15,4   22,6  3,58                                                                                               29,7   15,4   22,6           0,0
223  2023    10     AGO      389    7,4    0,0     60    9,1    7,1   32,1   13,8   23,0  3,64                                                                                               32,1   13,8   23,0           0,0
224  2023    11     AGO      407    8,0    0,0     64   17,6    8,8   34,0   16,4   25,2  4,00                                                                                               34,0   16,4   25,2           0,0
225  2023    12     AGO      382    7,2    7,9     74   24,2   10,1   32,9   14,1   23,5  3,72                                                                                               32,9   14,1   23,5           7,9
226  2023    13     AGO      301    4,4    0,0     79    9,9   11,2   24,1   14,6   19,4  3,07                                                                                               24,1   14,6   19,4           0,0
227  2023    14     AGO      301    4,4    0,0     79    6,9    5,1   25,9   11,7   18,8  2,98                                                                                               25,9   11,7   18,8           0,0
228  2023    15     AGO      380    7,1    0,0     75    8,4    4,9   29,9   14,2   22,1  3,50                                                                                               29,9   14,2   22,1           0,0
229  2023    16     AGO      261    3,1    0,0     72    5,8    4,3   29,4   16,9   23,2  3,67                                                                                               29,4   16,9   23,2           0,0
230  2023    17     AGO      400    7,8    0,0     66    6,3    5,6   29,8   15,6   22,7  3,60                                                                                               29,8   15,6   22,7           0,0
231  2023    18     AGO      392    7,5    0,0     52   14,8    9,4   31,9   14,7   23,3  3,69                                                                                               31,9   14,7   23,3           0,0
232  2023    19     AGO      290    4,0    0,0     70   14,7    8,3   26,3   16,8   21,6  3,42                                                                                               26,3   16,8   21,6           0,0
233  2023    20     AGO      366    6,6    0,0     65    7,1    5,8   28,4   14,9   21,7  3,43                                                                                               28,4   14,9   21,7           0,0
234  2023    21     AGO      455    9,6    0,0     64    9,9    8,4   29,3   14,9   22,1  3,50                                                                                               29,3   14,9   22,1           0,0
235  2023    22     AGO      467   10,0    0,0     52    9,6    8,0   32,7   12,4   22,6  3,58                                                                                               32,7   12,4   22,6           0,0
236  2023    23     AGO      379    7,1    0,0     42   12,1    8,8   35,0   14,9   25,0  3,96                                                                                               35,0   14,9   25,0           0,0
237  2023    24     AGO      339    5,7    3,3     60   13,7    9,2   34,8   17,5   26,2  4,15                                                                                               34,8   17,5   26,2           3,3
238  2023    25     AGO      420    8,5   13,5     77   12,3    9,1   30,8   16,5   23,7  3,75                                                                                               30,8   16,5   23,7          13,5
239  2023    26     AGO      146    0,0    4,6     79   11,4   14,7   19,4   13,4   16,4  2,60                                                                                               19,4   13,4   16,4           4,6
240  2023    27     AGO       79    0,0    1,5     84   10,1   12,2   16,5   12,7   14,6  2,32                                                                                               16,5   12,7   14,6           1,5
241  2023    28     AGO      285    3,9    0,0     79    9,4   10,0   22,3   13,1   17,7  2,81                                                                                               22,3   13,1   17,7           0,0
242  2023    29     AGO      363    6,5    0,0     77    7,9    5,2   26,0   10,8   18,4  2,92                                                                                               26,0   10,8   18,4           0,0
243  2023    30     AGO      478   10,4    0,0     67    8,0    5,8   28,5   11,5   20,0  3,17                                                                                               28,5   11,5   20,0           0,0
244  2023    31     AGO      384    7,2    0,0     50   10,7    5,5   28,4   14,0   21,2  3,36                                                                                               28,4   14,0   21,2           0,0
=================================================================================================
MEDIA                     359,39   6,52   0,99  67,24   9,92   7,61  28,89  13,69  21,29   3,38
TOTAL                    11141,0 202,02  30,762084,52 307,60 236,00 895,62 424,50 660,06 104,68
DESVIO PADRAO                 82    2,4    2,8     10    4,1    2,8    4,1    2,2    2,5  0,40
VARIANCIA                   6720    5,7    8,0    100   17,2    7,7   16,9    4,9    6,3  0,16
VALOR MAXIMO                 478   10,4   13,5     84   24,2   14,7   35,0   17,5   26,2  4,15
VALOR MINIMO                  79    0,0    0,0     42    3,8    4,2   16,5    9,1   14,6  2,32
DIAS DE CHU   5

=================================================================================================
No  ANO    DIA    MES    R.GLOBA  INSO-PRECIPIUMIDADE  VENTO VENTO  TEMPER TEMPER TEMPER EVAPO-
                               2  LACAO TACAO RELATIV MAXIMO MEDIO  MAXIMA MINIMA  MEDIA RACAO
                         cal/cm.   h/d    mm     %      m/s   km/h  grau C grau C grau C
=================================================================================================
245  2023     1     SET      481    8,5    0,0     61    6,5    4,9   31,8   12,0   21,9  4,10                                                                                               31,8   12,0   21,9           0,0
246  2023     2     SET      362    4,9    0,8     71   13,6   10,6   33,5   15,6   24,6  4,60                                                                                               33,5   15,6   24,6           0,8
247  2023     3     SET      412    6,4    0,0     75   10,2    8,4   34,4   18,5   26,5  4,95                                                                                               34,4   18,5   26,5           0,0
248  2023     4     SET      426    6,9    2,3     65   12,7    9,4   35,4   19,0   27,2  5,09                                                                                               35,4   19,0   27,2           2,3
249  2023     5     SET      269    2,1    0,0     79   11,5    9,9   29,2   18,6   23,9  4,47                                                                                               29,2   18,6   23,9           0,0
250  2023     6     SET      383    5,5    0,0     72   11,6   17,0   26,3   16,5   21,4  4,01                                                                                               26,3   16,5   21,4           0,0
251  2023     7     SET      467    8,1    0,0     63    7,6    6,3   30,3   15,8   23,1  4,32                                                                                               30,3   15,8   23,1           0,0
252  2023     8     SET      533   10,1    0,0     55   13,0    8,5   33,2   14,3   23,8  4,45                                                                                               33,2   14,3   23,8           0,0
253  2023     9     SET      302    3,1    0,0     72   12,1    6,6   28,0   18,2   23,1  4,32                                                                                               28,0   18,2   23,1           0,0
254  2023    10     SET      346    4,4    0,0     72    5,2    3,7   29,7   16,5   23,1  4,33                                                                                               29,7   16,5   23,1           0,0
255  2023    11     SET      531   10,1    0,0     57    7,1    6,5   32,6   14,1   23,4  4,37                                                                                               32,6   14,1   23,4           0,0
256  2023    12     SET      539   10,3    0,0     51    9,0    6,6   34,2   14,9   24,6  4,59                                                                                               34,2   14,9   24,6           0,0
257  2023    13     SET      524    9,8    0,0     48   15,0   11,2   36,4   14,5   25,5  4,76                                                                                               36,4   14,5   25,5           0,0
258  2023    14     SET       89    0,0   13,0     85   10,6    8,6   24,7   16,0   20,4  3,81                                                                                               24,7   16,0   20,4          13,0
259  2023    15     SET      497    9,0    0,0     72    9,8    7,2   26,4   13,9   20,2  3,77                                                                                               26,4   13,9   20,2           0,0
260  2023    16     SET      545   10,5    0,0     69    5,9    6,3   31,9   10,5   21,2  3,97                                                                                               31,9   10,5   21,2           0,0
261  2023    17     SET      553   10,7    0,0     50    5,8    5,4   35,6   15,4   25,5  4,77                                                                                               35,6   15,4   25,5           0,0
262  2023    18     SET      335    4,1    0,0     58    9,3    6,6   33,2   19,3   26,3  4,91                                                                                               33,2   19,3   26,3           0,0
263  2023    19     SET      524    9,8    0,0     55   10,2    8,4   35,3   20,1   27,7  5,18                                                                                               35,3   20,1   27,7           0,0
264  2023    20     SET      399    6,0    0,0     57    6,3    5,9   32,9   19,4   26,2  4,89                                                                                               32,9   19,4   26,2           0,0
265  2023    21     SET      552   10,7    0,0     54    6,3    4,9   34,7   17,9   26,3  4,92                                                                                               34,7   17,9   26,3           0,0
266  2023    22     SET      541   10,3    0,8     58   14,0    8,0   36,8   17,9   27,3  5,12                                                                                               36,8   17,9   27,3           0,8
267  2023    23     SET      544   10,4    0,0     57    7,3    5,9   36,8   19,2   28,0  5,24                                                                                               36,8   19,2   28,0           0,0
268  2023    24     SET      561   10,9    0,0     50    7,6    5,9   38,8   20,0   29,4  5,50                                                                                               38,8   20,0   29,4           0,0
269  2023    25     SET      521    9,8    0,0     62    9,7    6,7   39,3   20,9   30,1  5,63                                                                                               39,3   20,9   30,1           0,0
270  2023    26     SET      525    9,9    0,3     53    9,6    7,3   39,1   20,0   29,6  5,53                                                                                               39,1   20,0   29,6           0,3
271  2023    27     SET      345    4,4   19,3     74   17,8   12,5   37,1   22,0   29,6  5,53                                                                                               37,1   22,0   29,6          19,3
272  2023    28     SET      371    5,2    0,0     74   13,5   15,3   24,4   16,2   20,3  3,80                                                                                               24,4   16,2   20,3           0,0
273  2023    29     SET      447    7,5    0,0     74   10,4    7,8   29,2   15,1   22,2  4,15                                                                                               29,2   15,1   22,2           0,0
274  2023    30     SET      546   10,5    9,9     77   11,4    7,6   34,3   15,9   25,1  4,70                                                                                               34,3   15,9   25,1           9,9

=================================================================================================
MEDIA                     449,04   7,66   1,54  64,00  10,02   8,00  32,85  16,95  24,90   4,66
TOTAL                      13471  229,9   46,3   1920  300,6  239,9  985,4  508,5  746,9139,77
DESVIO PADRAO                109    3,0    4,4     10    3,1    2,9    4,1    2,7    5,2  0,54
VARIANCIA                  11942    8,9   19,1    100    9,4    8,4   16,6    7,0   27,4  0,29
VALOR MAXIMO                 561   10,9   19,3     85   17,8   17,0   39,3   22,0   30,1  5,63
VALOR MINIMO                  89    0,0    0,0     48    5,2    3,7   24,4   10,5   20,2  3,77
DIAS DE CHU   7

=================================================================================================
No  ANO    DIA    MES    R.GLOBA  INSO-PRECIPIUMIDADE  VENTO VENTO  TEMPER TEMPER TEMPER EVAPO-
                               2  LACAO TACAO RELATIV MAXIMO MEDIO  MAXIMA MINIMA  MEDIA RACAO
                         cal/cm.   h/d    mm     %      m/s   km/h  grau C grau C grau C
=================================================================================================
275  2023     1     OUT      201    0,0    0,0     86    7,9    7,2   26,4   19,7   23,1  5,01                                                                                               26,4   19,7   23,1           0,0
276  2023     2     OUT      273    1,1    0,0     82    4,5    4,5   28,4   19,6   24,0  5,21                                                                                               28,4   19,6   24,0           0,0
277  2023     3     OUT      462    6,3    0,0     82    6,1    5,6   32,3   17,8   25,1  5,44                                                                                               32,3   17,8   25,1           0,0
278  2023     4     OUT      297    1,8    3,3     79   20,1    9,2   33,3   20,8   27,1  5,87                                                                                               33,3   20,8   27,1           3,3
279  2023     5     OUT      435    5,6    4,1     77   14,6   10,2   35,1   20,2   27,7  6,00                                                                                               35,1   20,2   27,7           4,1
280  2023     6     OUT      438    5,6    0,0     71    7,6    5,5   34,8   19,3   27,1  5,88                                                                                               34,8   19,3   27,1           0,0
281  2023     7     OUT      307    2,0   60,7     87   20,5    9,4   33,2   20,7   26,9  5,85                                                                                               33,2   20,7   26,9          60,7
282  2023     8     OUT      256    0,6   42,2     90   20,3    5,6   29,8   20,2   25,0  5,43                                                                                               29,8   20,2   25,0          42,2
283  2023     9     OUT      428    5,4    0,0     79    9,5   10,4   28,7   18,9   23,8  5,17                                                                                               28,7   18,9   23,8           0,0
284  2023    10     OUT      657   11,7    0,0     70   11,7    8,8   30,6   16,6   23,6  5,12                                                                                               30,6   16,6   23,6           0,0
285  2023    11     OUT      632   11,0    0,0     71    6,8    5,9   34,7   15,4   25,0  5,44                                                                                               34,7   15,4   25,0           0,0
286  2023    12     OUT      397    4,5   11,7     83   17,3   10,2   35,9   19,3   27,6  6,00                                                                                               35,9   19,3   27,6          11,7
287  2023    13     OUT      166    0,0    0,0     82    8,6   10,3   23,4   16,8   20,1  4,37                                                                                               23,4   16,8   20,1           0,0
288  2023    14     OUT      342    3,0    0,0     78    9,8   11,9   25,2   16,5   20,9  4,53                                                                                               25,2   16,5   20,9           0,0
289  2023    15     OUT      616   10,5    0,0     76    8,1    5,2   32,1   16,9   24,5  5,32                                                                                               32,1   16,9   24,5           0,0
290  2023    16     OUT      615   10,5    9,9     71   17,8    9,0   34,6   17,7   26,2  5,68                                                                                               34,6   17,7   26,2           9,9
291  2023    17     OUT      147    0,0   11,9     94   16,2    7,6   25,2   18,9   22,1  4,79                                                                                               25,2   18,9   22,1          11,9
292  2023    18     OUT      568    9,2    0,0     76   10,6   14,3   28,6   18,8   23,7  5,15                                                                                               28,6   18,8   23,7           0,0
293  2023    19     OUT      485    6,9    0,0     76   12,1   12,4   28,2   17,3   22,8  4,94                                                                                               28,2   17,3   22,8           0,0
294  2023    20     OUT      347    3,1    0,0     80    8,0    7,8   25,9   16,8   21,3  4,63                                                                                               25,9   16,8   21,3           0,0
295  2023    21     OUT      540    8,5    0,0     76   11,1    9,4   29,5   16,4   23,0  4,98                                                                                               29,5   16,4   23,0           0,0
296  2023    22     OUT      672   12,0    0,0     73   10,0    6,6   32,6   15,1   23,9  5,18                                                                                               32,6   15,1   23,9           0,0
297  2023    23     OUT      650   11,5    0,0     64    5,9    5,1   34,6   17,1   25,9  5,61                                                                                               34,6   17,1   25,9           0,0
298  2023    24     OUT      534    8,3    0,0     65   10,7    8,0   36,0   20,3   28,2  6,11                                                                                               36,0   20,3   28,2           0,0
299  2023    25     OUT      500    7,4    0,0     68    6,6    6,3   30,7   21,6   26,2  5,68                                                                                               30,7   21,6   26,2           0,0
300  2023    26     OUT      493    7,1   26,7     79   17,1    8,1   31,4   19,8   25,6  5,56                                                                                               31,4   19,8   25,6          26,7
301  2023    27     OUT      464    6,4   17,8     83    6,9    4,7   30,7   20,1   25,4  5,52                                                                                               30,7   20,1   25,4          17,8
302  2023    28     OUT      331    2,7    2,5     84   12,3    8,1   28,8   20,3   24,6  5,33                                                                                               28,8   20,3   24,6           2,5
303  2023    29     OUT      321    2,4   16,0     89   19,5    8,6   33,0   20,9   27,0  5,85                                                                                               33,0   20,9   27,0          16,0
304  2023    30     OUT      362    3,5    0,3     83    5,0    4,3   31,3   21,2   26,3  5,70                                                                                               31,3   21,2   26,3           0,3
305  2023    31     OUT      374    3,9   25,9     89   21,6    4,9   31,6   19,5   25,6  5,55                                                                                               31,6   19,5   25,6          25,9
=================================================================================================
MEDIA                     429,36   5,56   7,51  78,80  11,77   7,91  30,86  18,73  24,79   5,38
TOTAL                      13310  172,5  232,9   2443  364,8  245,1  956,7  580,5  768,6166,91
DESVIO PADRAO                146    3,7   14,0      7    5,2    2,5    3,3    1,8    2,0  0,44
VARIANCIA                  21280   14,0  196,1     53   26,6    6,2   11,2    3,2    4,1  0,19
VALOR MAXIMO                 672   12,0   60,7     94   21,6   14,3   36,0   21,6   28,2  6,11
VALOR MINIMO                 147    0,0    0,0     64    4,5    4,3   23,4   15,1   20,1  4,37
DIAS DE CHU  13

=================================================================================================
No  ANO    DIA    MES    R.GLOBA  INSO-PRECIPIUMIDADE  VENTO VENTO  TEMPER TEMPER TEMPER EVAPO-
                               2  LACAO TACAO RELATIV MAXIMO MEDIO  MAXIMA MINIMA  MEDIA RACAO
                         cal/cm.   h/d    mm     %      m/s   km/h  grau C grau C grau C
=================================================================================================
306  2023     1     NOV      370    3,2    0,3     78   12,7    9,5   28,7   19,2   24,0   5,61                                                                                              28,7   19,2   24,0           0,3
307  2023     2     NOV      634   10,2    0,0     75    8,0    7,9   30,7   17,8   24,2   5,68                                                                                              30,7   17,8   24,2           0,0
308  2023     3     NOV      505    6,8   15,5     84   20,3   12,6   34,1   18,7   26,4   6,17                                                                                              34,1   18,7   26,4          15,5
309  2023     4     NOV      678   11,4    0,0     65   11,5    8,6   28,1   15,6   21,9   5,12                                                                                              28,1   15,6   21,9           0,0
310  2023     5     NOV      720   12,0    0,0     62    9,9   11,7   29,6   13,2   21,4   5,01                                                                                              29,6   13,2   21,4           0,0
311  2023     6     NOV      720   12,0    0,0     65    9,4    9,9   30,8   12,6   21,7  5,08                                                                                               30,8   12,6   21,7           0,0
312  2023     7     NOV      720   12,0    0,0     63    8,1    7,9   31,7   14,1   22,9  5,37                                                                                               31,7   14,1   22,9           0,0
313  2023     8     NOV      692   11,5    0,0     57    6,5    6,1   35,1   23,9   29,5  6,91                                                                                               35,1   23,9   29,5           0,0
314  2023     9     NOV      567    8,4    0,0     65   11,1    6,8   35,4   20,1   27,8  6,50                                                                                               35,4   20,1   27,8           0,0
315  2023    10     NOV      638   10,3    0,0     69    8,1    6,1   34,9   20,6   27,8  6,50                                                                                               34,9   20,6   27,8           0,0
316  2023    11     NOV      661   10,9    0,0     54    7,5    6,7   37,6   20,7   29,2  6,73                                                                                               37,6   20,7   29,2           0,0
317  2023    12     NOV      683   11,5    0,0     50    8,6    7,0   38,7   21,2   30,0  7,02                                                                                               38,7   21,2   30,0           0,0
318  2023    13     NOV      669   11,2    0,0     55    9,8    7,7   39,8   19,9   29,9  6,99                                                                                               39,8   19,9   29,9           0,0
319  2023    14     NOV      578    8,7    0,3     66   14,5    9,2   38,3   22,4   30,4  7,11                                                                                               38,3   22,4   30,4           0,3
320  2023    15     NOV      645   10,5   13,7     77   21,2    6,9   37,9   20,6   29,3  6,85                                                                                               37,9   20,6   29,3          13,7
321  2023    16     NOV      546    7,9    0,0     69    6,1    5,5   35,6   20,3   28,0  6,55                                                                                               35,6   20,3   28,0           0,0
322  2023    17     NOV      600    9,3    0,0     55    8,5    7,0   38,0   22,3   30,2  7,06                                                                                               38,0   22,3   30,2           0,0
323  2023    18     NOV      617    9,8    6,9     51   14,0   11,0   36,4   23,4   29,9  7,01                                                                                               36,4   23,4   29,9           6,9
324  2023    19     NOV      294    1,1   20,6     91   15,9   10,2   30,6   20,5   25,6  5,99                                                                                               30,6   20,5   25,6          20,6
325  2023    20     NOV      454    5,4    0,0     78   10,7    7,8   29,9   19,5   24,7  5,79                                                                                               29,9   19,5   24,7           0,0
326  2023    21     NOV      461    5,6    5,1     75   11,9    6,3   33,6   24,4   29,0  6,79                                                                                               33,6   24,4   29,0           5,1
327  2023    22     NOV      431    4,8   18,8     83    9,7    6,3   31,5   22,3   26,9  6,30                                                                                               31,5   22,3   26,9          18,8
328  2023    23     NOV      451    5,3   31,2     86   13,1    7,0   31,4   21,4   26,4  6,19                                                                                               31,4   21,4   26,4          31,2
329  2023    24     NOV      271    0,5    0,3     77   12,0   15,3   25,0   17,4   21,2  4,97                                                                                               25,0   17,4   21,2           0,3
330  2023    25     NOV      514    7,0    0,0     77    9,5    9,4   26,5   17,0   21,8  5,10                                                                                               26,5   17,0   21,8           0,0
331  2023    26     NOV      538    7,7    0,0     80    8,3    7,1   29,1   16,4   22,8  5,33                                                                                               29,1   16,4   22,8           0,0
332  2023    27     NOV      485    6,2   20,6     90    9,5    5,0   30,2   17,5   23,9  5,59                                                                                               30,2   17,5   23,9          20,6
333  2023    28     NOV      406    4,1   19,1     85   10,0    5,4   32,5   20,1   26,3  6,16                                                                                               32,5   20,1   26,3          19,1
334  2023    29     NOV      399    3,9   17,5     90   17,5    7,2   28,9   19,7   24,3  5,69                                                                                               28,9   19,7   24,3          17,5
335  2023    30     NOV      653   10,7    0,0     78   12,6    5,7   32,2   19,6   25,9  6,07                                                                                               32,2   19,6   25,9           0,0

=================================================================================================
MEDIA                     553,25   8,00   5,66  71,69  11,22   8,03  32,75  19,42  26,08   6,11
TOTAL                    16597,4 239,89 169,812150,83 336,50 240,80 982,64 582,45 782,55 183,24
DESVIO PADRAO                126    3,3    8,9     12    3,7    2,3    3,8    2,9    5,5  0,70
VARIANCIA                  15910   10,9   79,6    146   13,4    5,4   14,7    8,5   29,9  0,49
VALOR MAXIMO                 720   12,0   31,2     91   21,2   15,3   39,8   24,4   30,4  7,11
VALOR MINIMO                 271    0,5    0,0     50    6,1    5,0   25,0   12,6   21,2  4,97
DIAS DE CHU  13

=================================================================================================
No  ANO    DIA    MES    R.GLOBA  INSO-PRECIPIUMIDADE  VENTO VENTO  TEMPER TEMPER TEMPER EVAPO-
                               2  LACAO TACAO RELATIV MAXIMO MEDIO  MAXIMA MINIMA  MEDIA RACAO
                         cal/cm.   h/d    mm     %      m/s   km/h  grau C grau C grau C
=================================================================================================
275  2023     1     DEZ      630    9,7    0,3     70    6,9    4,6   33,2   20,5   26,9  6,52                                                                                               33,2   20,5   26,9           0,3
276  2023     2     DEZ      720   12,0    0,0     65    7,9    6,0   35,6   20,6   28,1  6,83                                                                                               35,6   20,6   28,1           0,0
277  2023     3     DEZ      720   12,0    0,0     61   10,1    7,3   36,7   22,2   29,4  7,15                                                                                               36,7   22,2   29,4           0,0
278  2023     4     DEZ      602    9,0    9,9     83   13,6    8,1   34,3   21,3   27,8  6,75                                                                                               34,3   21,3   27,8           9,9
279  2023     5     DEZ      578    8,4    1,0     83    9,2    6,6   32,2   21,1   26,7  6,47                                                                                               32,2   21,1   26,7           1,0
280  2023     6     DEZ      571    8,2    0,0     78   10,1    6,5   33,8   21,5   27,7  6,72                                                                                               33,8   21,5   27,7           0,0
281  2023     7     DEZ      573    8,2   19,3     79   18,4    7,4   34,1   20,9   27,5  6,67                                                                                               34,1   20,9   27,5          19,3
282  2023     8     DEZ      719   12,0    0,0     71   11,5   11,7   32,3   20,4   26,4  6,41                                                                                               32,3   20,4   26,4           0,0
283  2023     9     DEZ      628    9,7    0,0     74   11,1   15,6   29,5   19,9   24,7  5,99                                                                                               29,5   19,9   24,7           0,0
284  2023    10     DEZ      641   10,0    3,8     81   11,5    6,8   32,0   18,2   25,1  6,10                                                                                               32,0   18,2   25,1           3,8
285  2023    11     DEZ      632    9,8    0,0     75   10,5    9,7   31,1   19,2   25,2  6,11                                                                                               31,1   19,2   25,2           0,0
286  2023    12     DEZ      638   10,0    0,0     71   10,6   12,0   30,1   17,2   23,7  5,74                                                                                               30,1   17,2   23,7           0,0
287  2023    13     DEZ      720   12,0    0,0     68    9,0    6,8   32,3   15,8   24,1  5,84                                                                                               32,3   15,8   24,1           0,0
288  2023    14     DEZ      720   12,0    0,0     60    8,8    7,7   35,7   18,6   27,2  6,35                                                                                               33,7   18,6   26,2           0,0
289  2023    15     DEZ      683   11,1    0,0     55   11,0    6,1   36,4   20,2   28,3  6,88                                                                                               36,4   20,2   28,3           0,0
290  2023    16     DEZ      694   11,4    0,0     60   10,6    7,5   36,6   21,1   28,9  7,01                                                                                               36,6   21,1   28,9           0,0
291  2023    17     DEZ      644   10,1    9,4     64   25,5    6,3   35,8   20,6   28,2  6,84                                                                                               35,8   20,6   28,2           9,4
292  2023    18     DEZ      637    9,9    0,0     59   10,1    8,4   35,1   21,9   28,5  6,92                                                                                               35,1   21,9   28,5           0,0
293  2023    19     DEZ      673   10,9    0,0     64   13,2   11,0   33,2   19,4   26,3  6,39                                                                                               33,2   19,4   26,3           0,0
294  2023    20     DEZ      694   11,4    0,0     63   11,7   10,0   32,5   18,6   25,6  6,21                                                                                               32,5   18,6   25,6           0,0
295  2023    21     DEZ      677   11,0    0,0     69   11,6    8,2   34,4   19,4   26,9  6,53                                                                                               34,4   19,4   26,9           0,0
296  2023    22     DEZ      529    7,1    3,0     80    8,7    7,1   33,4   21,2   27,3  6,63                                                                                               33,4   21,2   27,3           3,0
297  2023    23     DEZ      313    1,4   12,7     93   15,5    5,6   28,8   19,4   24,1  5,85                                                                                               28,8   19,4   24,1          12,7
298  2023    24     DEZ      657   10,5    0,0     75    6,3    6,0   31,9   18,2   25,0  6,08                                                                                               31,9   18,2   25,0           0,0
299  2023    25     DEZ      660   10,5    0,0     66    8,4    6,8   34,2   21,4   27,8  6,75                                                                                               34,2   21,4   27,8           0,0
300  2023    26     DEZ      591    8,7    0,0     68   10,4   12,4   33,8   22,6   28,2  6,85                                                                                               33,8   22,6   28,2           0,0
301  2023    27     DEZ      668   10,8    0,0     63   12,6   12,2   31,8   19,9   25,8  6,27                                                                                               31,8   19,9   25,8           0,0
302  2023    28     DEZ      720   12,0    0,0     60    8,8    6,5   34,5   17,8   26,2  6,35                                                                                               34,5   17,8   26,2           0,0
303  2023    29     DEZ      643   10,1    0,0     55   12,6    7,2   36,0   18,1   27,1  6,57                                                                                               36,0   18,1   27,1           0,0
304  2023    30     DEZ      359    2,6    0,0     75    9,4   12,7   28,7   20,7   24,7  6,00                                                                                               28,7   20,7   24,7           0,0
305  2023    31     DEZ      705   11,7    0,0     66   11,4   10,9   33,3   18,4   25,9  6,28                                                                                               33,3   18,4   25,9           0,0
=================================================================================================
MEDIA                     633,57   9,82   1,92  69,45  11,19   8,44  33,33  19,88  26,61   6,45
TOTAL                      19641  304,3   59,5   2153  347,0  261,7 1033,2  616,4  824,8200,06
DESVIO PADRAO                 93    2,4    4,5      9    3,5    2,6    2,2    1,6    1,5  0,37
VARIANCIA                   8647    5,9   20,4     78   12,4    6,8    4,7    2,4    2,3  0,14
VALOR MAXIMO                 720   12,0   19,3     93   25,5   15,6   36,7   22,6   29,4  7,15
VALOR MINIMO                 313    1,4    0,0     55    6,3    4,6   28,7   15,8   23,7  5,74
DIAS DE CHU   8

=================================================================================================
